200 200
7 191 177 17 11 10 31 0 23 4 12 22 2 16 10 3 177 171 15 10 14 9 2 24 21 22 131 8 5 5 18 20 15 10 189 33 11 3 4 73 103 0 39 14 3 2 24 183 0 33 9 23 2 4 15 8 15 171 4 6 3 6 9 3 21 14 19 16 1 18 20 21 22 2 18 8 23 24 10 21 0 0 14 69 13 23 160 0 10 6 11 11 20 20 10 21 12 90 2 4 6 171 17 3 7 24 4 15 7 6 9 2 3 15 22 4 20 184 10 10 17 8 13 22 74 19 21 23 10 16 19 14 17 15 15 6 2 20 16 22 20 7 3 3 33 1 5 7 22 16 22 11 12 13 23 20 18 2 15 33 11 10 14 5 22 16 15 23 8 6 20 15 7 4 0 22 18 17 3 10 115 16 17 6 20 9 23 19 17 6 10 17 92 33 0 10 20 115 13 
1 20 18 6 11 16 0 11 7 8 23 47 4 15 17 10 18 21 2 16 183 22 4 6 22 4 8 74 10 8 16 16 23 0 22 200 200 9 7 23 21 11 10 92 21 21 13 0 21 21 1 8 16 97 0 9 18 18 15 13 200 24 7 11 0 20 5 200 1 15 21 89 18 123 12 8 20 161 15 112 1 4 11 8 19 6 8 21 3 9 4 1 8 12 59 19 10 13 1 5 22 8 11 0 5 24 2 14 190 22 14 3 23 88 19 6 18 12 10 6 11 22 15 3 3 115 109 10 3 5 19 10 18 23 6 4 21 4 13 14 56 17 200 24 20 145 200 11 58 136 16 10 4 24 157 13 13 24 24 4 12 23 10 0 13 4 2 1 17 178 11 18 24 1 21 12 8 7 21 20 3 8 47 6 24 40 35 33 200 2 6 7 12 4 21 14 23 10 
23 5 18 6 7 7 4 14 9 6 0 1 0 16 175 12 5 21 10 14 22 15 18 21 182 5 20 10 22 23 2 13 147 106 3 11 2 52 147 14 185 4 21 19 13 179 189 106 1 0 19 15 9 22 6 186 1 16 23 15 12 20 14 1 22 22 5 19 17 21 13 22 6 12 11 18 21 6 20 10 19 160 22 16 49 8 83 12 15 14 12 24 13 12 17 60 19 9 1 36 14 17 21 7 4 18 1 17 17 18 22 12 16 2 16 125 98 4 24 18 5 2 192 14 17 8 12 4 16 23 4 12 7 23 6 24 21 10 14 11 22 20 98 20 14 15 5 6 8 5 15 15 14 21 11 7 23 98 10 36 5 13 9 18 10 3 15 5 8 20 6 4 16 18 2 17 12 191 191 6 9 14 21 15 18 9 22 12 186 8 41 122 19 2 1 122 13 
11 12 17 2 24 20 20 21 6 5 12 24 11 125 159 2 19 22 22 20 5 24 20 48 4 8 18 17 3 21 12 136 106 4 16 18 127 53 3 183 1 17 16 0 3 133 127 5 6 4 0 21 4 2 106 0 3 23 5 21 15 22 21 15 4 3 1 0 12 5 5 6 23 19 5 10 7 22 12 2 129 3 14 43 6 18 11 18 11 9 24 0 6 1 47 21 4 3 127 5 11 3 3 21 19 17 11 13 11 6 17 18 18 0 40 23 24 15 6 20 8 106 24 17 17 177 6 20 3 9 10 12 16 19 10 3 4 6 18 1 14 3 10 6 16 13 2 15 0 23 11 21 9 5 19 16 159 12 48 15 6 0 10 10 8 4 1 12 0 11 12 21 5 11 7 3 3 0 3 1 1 14 13 5 14 23 10 3 21 4 177 2 12 19 0 22 
23 9 3 23 128 15 20 5 3 22 71 12 16 24 1 19 6 24 11 8 2 143 10 128 13 16 134 0 9 14 23 23 9 7 9 23 2 15 24 9 19 17 20 1 24 6 19 23 8 3 9 13 9 0 1 13 124 12 4 4 9 6 24 24 15 22 11 9 1 134 8 9 22 164 14 6 4 21 6 23 21 8 1 12 18 10 139 5 11 8 5 1 72 0 128 11 17 15 3 0 11 150 3 4 11 24 128 1 5 174 19 4 69 15 11 4 13 15 18 8 16 4 22 21 10 0 6 6 170 134 13 4 9 18 2 2 18 2 2 7 5 5 8 12 5 3 10 5 13 11 2 7 22 17 18 13 16 24 124 13 13 5 18 8 0 15 14 11 139 22 0 9 19 8 17 24 18 10 69 16 0 4 21 21 19 6 16 6 21 20 4 12 1 11 16 
8 14 6 1 0 9 13 6 200 12 14 2 17 200 24 15 15 11 200 15 1 17 17 4 1 13 1 22 13 15 8 15 12 24 7 9 4 10 200 6 200 12 5 14 8 23 200 200 200 14 200 12 13 14 200 16 13 8 200 8 23 20 200 22 14 200 200 8 22 16 0 18 3 17 24 23 200 1 19 0 15 14 20 15 200 17 200 200 20 200 17 6 23 12 200 200 17 8 10 0 15 200 12 200 9 20 4 17 24 24 200 18 6 4 15 18 13 19 14 15 12 24 24 9 21 18 200 9 2 0 18 24 200 19 200 17 4 200 22 18 14 24 0 24 19 12 1 13 1 16 8 0 16 23 16 200 2 7 4 10 200 24 4 200 18 11 200 11 24 11 10 16 0 7 6 7 19 14 4 6 8 1 3 11 10 9 17 23 2 8 4 6 10 11 
23 198 36 20 16 24 3 3 56 19 19 19 0 10 10 5 13 24 13 37 7 36 4 13 177 4 7 10 5 6 10 16 23 13 17 24 20 17 3 12 10 6 6 3 9 24 20 4 10 18 161 6 36 11 117 21 2 14 15 36 20 23 2 21 17 2 6 36 7 7 3 0 20 18 6 16 36 19 3 17 19 5 23 17 125 23 5 174 20 18 80 18 36 7 14 5 10 21 0 18 10 15 3 8 9 192 18 158 9 12 36 10 6 36 19 6 12 36 4 36 4 0 0 12 20 7 173 36 5 23 4 4 14 11 5 13 8 4 22 18 1 7 1 15 2 9 9 11 2 8 12 8 10 21 18 11 36 3 4 24 19 22 3 18 21 21 89 3 21 16 24 3 21 19 6 1 125 4 0 32 24 8 24 15 21 148 17 17 14 20 22 11 19 
12 4 18 18 2 23 18 19 13 97 7 9 4 23 16 24 7 11 3 114 7 3 19 16 6 18 3 29 41 24 6 20 6 39 16 147 8 21 14 20 187 146 37 19 7 10 20 7 9 23 37 19 23 15 2 3 14 1 24 19 14 20 3 18 21 1 7 15 10 0 4 8 6 5 18 7 89 4 23 41 13 169 14 14 17 9 1 1 11 7 142 20 23 19 187 22 17 10 21 23 6 17 6 21 12 6 4 24 13 6 137 29 3 18 12 3 14 66 23 21 13 7 15 9 17 24 15 4 10 10 14 2 21 24 4 14 18 196 19 4 21 11 6 24 17 10 2 12 8 19 4 24 12 15 169 10 1 0 21 7 23 10 24 0 20 4 9 21 21 4 20 18 196 12 5 1 18 1 12 15 21 23 17 89 9 37 196 18 1 11 196 13 
43 5 2 13 5 23 70 3 13 4 9 11 1 19 11 10 3 143 4 43 11 24 187 14 4 14 11 8 20 3 2 14 15 20 18 3 1 0 23 17 14 18 13 15 9 23 10 6 161 10 43 24 37 0 19 8 15 198 21 23 19 19 9 21 8 198 17 7 3 20 7 16 17 19 43 0 2 10 4 4 4 4 50 0 13 192 22 21 159 20 43 17 6 9 14 6 24 124 1 20 23 3 68 163 21 117 23 0 58 11 21 43 2 22 12 58 17 43 21 10 5 18 22 13 143 198 21 23 4 5 5 21 10 21 20 3 5 14 23 21 22 8 16 7 15 23 12 19 23 8 8 3 14 21 43 7 21 3 17 13 4 1 7 17 58 22 18 7 9 20 15 17 19 17 189 24 10 119 1 4 12 16 4 175 12 4 12 12 15 15 0 
13 4 20 23 3 152 11 3 5 18 24 4 16 8 3 13 76 12 80 7 12 187 14 9 9 1 20 22 19 17 0 16 14 18 24 17 4 20 21 24 1 8 15 10 21 18 23 197 3 177 0 191 10 4 24 21 177 14 2 23 16 16 6 7 49 24 21 6 43 19 4 16 16 49 7 4 17 22 22 0 8 69 20 0 66 15 22 159 5 49 2 0 1 19 2 10 113 3 10 6 3 9 165 2 37 10 21 49 6 3 177 19 16 2 177 11 177 7 4 1 5 10 11 78 100 18 11 9 12 2 1 5 10 6 8 3 24 15 13 9 6 21 15 16 2 22 22 23 3 20 11 9 3 49 23 10 16 20 24 18 21 9 21 137 19 16 15 1 16 3 22 16 1 127 4 8 31 1 8 12 9 16 195 5 10 11 7 13 9 21 
12 200 6 8 17 4 12 18 14 200 200 0 17 11 15 22 6 18 9 13 12 23 0 200 5 0 13 9 24 6 3 3 12 6 15 20 0 5 22 13 200 3 15 6 0 4 20 4 22 23 4 7 24 23 200 8 200 0 7 10 19 17 20 6 6 200 200 17 3 0 14 15 21 2 6 7 8 200 19 16 12 6 5 9 1 2 13 2 18 5 1 14 200 200 24 11 21 200 5 14 21 14 200 13 22 0 6 18 17 18 200 200 200 13 23 9 23 0 8 14 200 23 18 13 200 23 15 12 200 15 200 4 19 7 7 15 12 0 14 16 20 200 23 2 200 9 200 200 200 18 0 17 4 16 200 6 17 200 21 3 16 14 10 16 16 14 3 200 4 5 1 200 5 5 11 17 21 7 1 21 21 0 10 7 200 200 9 16 3 
6 4 22 10 26 6 11 22 3 5 13 200 0 200 21 12 10 10 53 20 136 95 20 12 2 6 21 108 18 11 200 20 19 11 19 127 16 14 12 14 0 12 5 22 17 0 9 17 17 21 20 109 20 11 21 17 15 7 183 4 5 11 17 6 18 4 8 3 126 16 22 22 5 177 123 11 21 3 5 7 23 14 3 13 15 6 2 1 1 17 24 24 0 200 14 9 19 3 17 5 3 22 5 0 9 12 6 18 4 8 24 2 18 23 12 10 18 17 200 21 6 17 15 18 181 200 13 6 23 1 20 20 7 9 97 3 15 200 22 9 23 200 63 15 0 8 18 20 5 23 13 21 162 13 18 159 17 1 99 8 9 19 142 46 20 186 5 107 15 18 18 12 16 121 11 1 21 18 18 9 24 5 10 22 10 194 14 200 
13 17 0 8 12 7 11 200 200 21 5 19 22 6 0 22 7 4 4 2 24 200 8 18 15 0 0 18 22 20 17 5 17 4 6 13 8 21 200 15 2 10 2 2 22 2 16 8 2 13 1 11 200 13 200 10 7 23 3 5 19 4 21 200 200 7 15 13 17 7 23 18 15 15 5 200 15 1 12 6 3 8 14 19 4 18 3 6 21 21 200 200 11 12 11 200 2 7 0 15 200 24 17 3 2 8 11 14 200 200 200 17 15 17 9 11 24 10 200 4 6 22 200 20 19 16 200 8 200 13 3 4 10 4 14 22 14 9 21 200 4 5 200 6 200 200 200 11 18 4 15 11 200 13 23 200 3 5 21 15 7 9 19 12 6 200 7 21 2 200 12 22 21 13 5 22 17 13 2 16 18 19 200 200 0 2 7 
8 20 22 2 19 21 0 2 187 21 9 3 23 21 5 172 8 23 24 4 13 9 5 47 47 20 6 7 10 4 24 128 10 23 0 21 13 5 11 0 24 97 21 24 1 6 11 2 47 8 22 15 2 12 21 47 9 8 22 89 4 133 18 13 10 161 18 8 3 2 15 1 11 3 1 24 23 4 5 16 14 3 172 22 21 1 13 7 10 22 11 13 15 12 4 24 99 11 5 8 21 18 17 23 5 9 0 22 6 11 20 7 14 115 65 12 0 7 24 5 15 2 21 15 1 5 1 12 197 21 47 8 18 141 47 15 134 65 0 16 12 5 63 12 12 24 13 10 15 5 16 3 2 24 24 20 22 136 4 14 3 11 61 16 15 10 9 19 15 16 119 3 11 40 35 158 47 10 22 23 1 8 14 2 22 2 
17 4 14 15 200 14 0 24 4 200 21 1 0 22 13 24 9 4 13 14 22 2 21 12 6 8 0 16 10 200 24 200 16 4 6 21 14 200 200 200 19 200 12 12 8 200 20 16 9 200 20 0 2 200 12 1 200 200 12 10 16 7 6 11 22 12 8 200 7 13 10 8 21 21 20 200 0 200 200 2 200 3 6 20 6 200 200 4 19 23 10 21 200 20 200 14 1 23 11 13 20 200 1 1 15 7 20 12 5 12 4 14 13 0 0 2 23 200 5 13 13 21 15 200 4 200 11 7 200 21 11 21 1 4 10 4 6 6 20 6 3 2 3 22 8 22 200 12 4 10 12 200 21 13 200 9 17 200 16 19 13 24 6 0 10 18 11 12 13 2 17 16 8 1 8 7 5 22 20 20 12 19 23 2 8 
5 0 11 24 14 16 6 2 12 18 19 2 70 16 11 166 12 23 3 23 7 3 12 14 23 20 23 3 7 10 4 0 1 3 6 7 11 4 11 12 8 99 14 134 1 104 15 6 22 11 124 20 12 13 5 21 21 0 118 0 7 13 41 22 2 9 16 104 0 17 8 8 13 2 1 64 23 21 48 3 24 133 11 41 0 23 24 16 2 23 152 24 21 2 10 103 97 14 91 7 23 48 10 19 152 15 7 19 166 23 124 3 7 15 6 14 10 196 18 21 18 19 18 24 1 10 23 22 19 17 19 19 11 22 7 24 8 19 12 18 14 24 10 6 14 15 21 11 3 10 17 23 23 9 20 6 2 118 10 11 12 8 13 4 4 10 15 90 17 23 11 10 22 5 14 12 124 0 1 12 3 20 17 8 
11 8 10 1 15 1 74 7 113 9 7 5 18 64 20 195 123 17 14 10 5 19 127 5 17 113 21 14 17 4 181 3 20 4 24 24 17 20 4 16 18 22 10 24 11 24 5 14 0 21 20 10 11 124 7 10 22 14 22 21 9 19 4 193 24 14 0 10 159 113 24 14 3 11 0 19 16 17 5 7 24 2 7 2 19 13 7 1 74 18 4 17 5 17 23 17 7 5 12 18 16 18 16 4 23 6 13 12 1 17 0 15 23 123 18 4 13 1 14 26 123 3 19 20 15 23 11 10 0 97 6 1 113 16 10 0 26 114 16 23 21 2 13 4 9 21 9 29 17 24 117 23 12 151 5 5 21 70 46 3 123 15 26 9 18 21 14 14 41 20 22 15 22 19 4 19 11 20 21 23 118 13 123 
12 18 19 24 3 11 2 18 19 69 6 4 10 11 6 13 2 31 48 18 18 6 7 198 1 23 7 10 22 23 140 190 95 11 1 24 7 23 3 23 31 7 3 13 24 7 24 24 19 4 19 1 10 8 10 15 10 1 24 13 16 1 14 16 18 2 56 19 15 119 17 135 15 24 1 9 4 5 23 20 12 10 23 5 48 12 6 13 4 20 20 6 1 10 15 18 9 17 13 17 30 12 18 7 14 13 7 183 0 2 10 48 12 11 1 1 19 20 14 12 14 16 2 7 23 9 10 135 3 13 19 10 10 4 21 12 5 4 9 9 7 16 170 1 48 23 6 6 17 23 3 6 15 5 12 9 2 0 8 4 12 0 170 170 16 24 4 10 10 19 5 13 16 50 17 60 95 19 2 13 168 14 
11 16 14 21 10 16 19 14 171 24 18 17 7 0 4 14 47 146 0 16 19 157 147 21 183 17 3 0 14 179 9 60 7 3 1 10 21 5 14 129 11 10 13 21 19 18 11 11 2 0 5 20 11 8 9 17 13 10 21 8 11 19 14 22 16 53 16 13 152 15 182 5 19 12 24 15 15 17 16 60 6 22 24 101 23 20 20 20 9 13 18 11 11 23 18 8 4 20 6 88 129 2 15 17 22 1 79 2 1 15 146 20 13 5 5 18 23 14 2 21 20 18 21 13 6 19 116 8 3 18 5 22 14 9 2 9 23 24 5 14 6 60 11 129 5 3 21 0 23 11 19 15 1 15 13 15 7 19 10 11 9 145 146 16 6 15 14 15 14 7 16 8 146 9 187 145 14 3 4 162 12 
4 19 20 21 200 24 18 6 16 2 6 8 24 3 18 18 13 17 9 20 21 0 17 7 200 2 200 6 17 24 6 17 200 200 200 0 200 23 1 5 200 16 2 4 200 9 24 7 200 13 1 200 200 15 5 13 18 12 18 21 17 20 200 14 8 5 20 22 0 19 200 14 200 200 9 200 24 14 0 12 200 200 10 12 17 14 14 200 16 200 2 14 3 16 11 16 200 4 24 18 17 2 14 17 6 13 19 21 24 9 16 7 200 2 1 14 21 20 200 23 200 24 6 200 12 5 10 3 15 16 19 21 24 24 5 24 24 4 21 13 17 200 18 23 5 0 200 13 9 200 23 13 200 14 22 11 0 15 24 0 14 11 14 23 5 11 14 14 0 7 17 19 11 2 0 18 7 24 4 22 
200 5 10 24 7 2 11 10 14 17 1 11 3 200 2 12 11 10 14 4 5 24 13 23 2 16 1 20 22 21 200 7 22 18 2 8 18 4 12 24 20 18 9 3 200 9 200 10 15 24 12 11 17 15 14 200 200 8 21 11 3 14 17 6 24 12 20 200 18 15 23 20 7 23 15 17 22 7 5 6 9 24 200 200 21 6 22 200 19 0 21 17 200 23 1 15 7 10 19 3 200 200 200 18 2 2 23 0 21 19 200 14 24 13 200 8 16 1 200 6 200 15 5 16 18 11 20 7 1 6 17 200 17 11 200 23 200 200 200 24 22 14 24 14 200 8 10 200 9 12 5 16 16 6 20 21 22 200 17 0 3 200 12 8 9 21 7 4 22 3 20 16 11 8 200 200 18 13 3 
15 24 17 9 14 5 11 22 20 12 5 23 200 5 15 3 22 14 6 1 19 8 23 0 16 12 9 22 18 200 17 12 6 5 20 4 11 9 21 15 2 16 17 200 14 200 15 9 5 20 16 13 20 4 200 200 15 3 11 11 12 9 19 6 9 6 200 4 2 12 0 17 19 18 13 21 13 8 0 11 20 200 200 4 22 4 200 0 21 3 18 200 2 21 4 20 4 15 23 200 200 200 21 16 5 1 11 18 24 200 10 9 2 200 15 4 0 200 7 200 15 13 18 9 6 17 20 19 23 1 200 5 18 200 7 200 200 200 24 16 12 16 19 200 19 12 200 24 11 10 3 19 10 4 18 4 200 24 22 4 200 12 23 8 0 7 5 7 23 11 21 9 2 200 200 18 24 0 
14 1 24 18 0 20 183 17 19 11 9 0 18 19 187 141 8 13 13 24 0 11 23 22 22 20 20 14 8 15 20 14 187 0 2 5 23 14 13 41 24 24 13 17 13 14 196 23 17 3 5 17 74 15 4 16 141 6 20 7 16 14 12 3 7 21 16 9 24 14 3 2 23 41 2 2 1 2 1 2 14 3 5 18 19 15 7 67 16 18 6 18 177 13 16 18 6 22 8 12 22 11 17 1 74 168 8 8 9 19 7 4 2 15 18 1 6 9 10 194 2 25 23 20 70 196 16 10 192 6 24 6 21 139 24 1 2 24 8 23 17 10 12 14 16 8 6 22 43 7 12 14 3 45 11 16 20 12 3 10 12 25 24 18 165 25 26 70 7 23 9 6 9 22 14 16 16 
12 200 19 3 22 6 53 1 12 95 1 6 11 3 8 50 15 5 200 19 9 22 22 80 4 13 11 1 2 23 1 14 6 19 2 0 21 7 1 173 12 2 10 9 11 0 177 21 5 15 5 9 3 16 23 0 104 11 10 16 1 187 123 6 4 13 17 12 13 4 6 0 12 19 5 12 24 22 8 2 12 200 14 17 5 14 8 15 15 15 10 11 0 4 13 20 2 4 9 14 21 7 22 15 4 0 200 13 15 20 3 12 181 200 18 15 1 8 4 17 24 9 122 3 2 200 11 20 15 200 114 22 6 12 4 18 17 15 16 8 45 1 17 48 5 23 5 13 6 24 30 169 21 186 11 107 4 14 5 5 24 121 9 0 4 20 24 6 11 11 1 21 15 198 14 200 
1 21 13 5 0 1 7 2 1 4 2 18 19 8 13 0 22 13 12 200 17 200 11 22 23 14 17 200 200 200 4 200 3 5 23 200 8 10 8 200 8 10 10 200 2 21 200 200 16 18 14 3 18 0 10 9 24 200 23 7 4 12 3 14 2 200 12 200 200 3 200 16 0 3 10 200 200 17 1 6 18 7 200 9 200 0 11 14 15 13 9 200 19 12 12 11 11 16 15 2 16 20 4 7 12 13 8 200 5 11 22 0 11 200 18 200 9 13 200 14 0 0 6 14 24 24 10 16 16 3 21 19 2 12 18 24 200 2 1 20 3 200 17 11 200 15 8 200 13 20 16 16 5 9 24 5 20 12 0 22 10 2 14 15 24 0 7 4 19 10 15 18 7 7 19 
24 9 10 17 53 24 4 184 17 7 12 2 0 26 1 15 200 21 14 7 16 1 1 13 4 24 16 7 5 8 14 9 18 13 0 9 11 179 2 10 23 14 8 0 88 4 0 17 4 0 20 1 6 3 60 4 3 3 10 59 123 5 12 4 0 5 20 1 23 8 20 3 18 15 16 19 2 0 10 200 10 8 22 2 4 9 0 15 19 12 1 10 7 16 23 8 19 17 22 6 21 17 5 1 200 24 23 5 13 12 181 200 9 7 16 22 16 0 10 2 85 3 2 200 21 16 14 200 1 1 1 4 23 21 22 12 21 13 29 10 8 117 8 5 99 5 15 23 1 17 21 160 3 107 17 1 12 4 20 41 4 15 14 6 2 8 21 21 3 20 7 135 11 200 
0 133 4 8 133 24 7 23 18 13 1 17 4 11 11 1 6 24 18 16 15 10 15 3 22 12 10 17 3 24 62 20 146 6 47 4 8 18 0 69 24 1 17 11 22 13 18 74 17 10 22 74 20 14 15 2 74 24 20 24 7 12 0 8 56 3 11 146 17 23 32 1 19 12 16 8 24 15 2 133 14 23 4 24 184 76 0 69 8 13 19 18 4 74 12 18 7 116 6 143 4 14 11 5 16 7 154 184 8 1 12 22 6 14 2 14 21 18 22 6 24 4 12 14 10 2 16 18 24 23 8 23 13 0 17 0 74 10 24 19 10 23 0 9 18 0 56 8 6 24 2 19 17 20 10 13 116 16 13 37 24 9 21 9 19 20 22 12 13 13 10 6 8 
8 3 2 16 9 1 7 55 113 13 12 14 150 41 15 145 1 19 14 8 42 7 150 19 12 13 1 5 23 6 150 14 12 21 14 21 16 7 21 0 22 3 6 23 8 5 4 16 10 10 1 24 7 16 9 8 99 6 12 196 14 17 1 1 10 24 11 4 18 4 194 8 14 19 171 18 21 23 9 14 4 12 11 18 22 13 23 2 2 15 52 182 14 14 12 9 24 30 19 7 21 131 20 5 6 18 23 24 10 8 6 2 11 24 20 8 9 165 8 18 8 12 8 2 18 0 9 5 12 17 18 17 113 11 194 21 13 10 10 0 0 20 0 11 8 5 13 8 4 9 20 21 131 16 18 13 8 10 20 10 13 20 8 16 16 54 54 18 15 21 165 2 
8 7 196 15 7 8 21 2 23 0 10 5 15 11 17 0 5 24 0 5 18 13 8 24 24 22 12 16 197 22 80 5 172 6 12 1 10 80 18 17 19 10 3 13 5 80 11 19 9 70 20 7 18 23 80 12 5 17 3 18 10 24 50 8 2 74 6 1 47 17 80 10 9 5 15 0 10 113 6 0 12 21 129 52 19 117 8 12 80 16 3 80 2 18 21 80 8 80 20 14 8 1 13 7 196 100 7 24 2 12 3 20 1 1 10 3 17 14 24 10 19 24 20 15 5 13 0 18 4 5 12 24 15 2 80 23 3 10 8 1 12 18 20 2 89 13 14 4 12 16 22 21 18 13 3 3 19 32 0 22 13 5 17 148 12 11 13 8 7 5 7 
0 8 5 10 4 14 19 177 74 8 5 9 8 13 14 128 8 9 5 7 6 6 21 6 24 172 5 16 15 14 2 11 74 10 17 10 23 15 15 177 12 1 10 12 18 74 3 16 16 177 4 180 11 7 22 16 5 1 19 20 15 7 21 6 24 4 20 18 24 9 13 14 10 16 6 11 17 15 1 21 58 5 8 24 15 90 9 18 17 16 7 3 12 21 21 5 2 113 80 10 12 11 24 13 18 3 9 2 14 11 0 13 171 2 113 22 0 160 177 12 171 71 12 20 4 24 26 13 1 24 7 19 4 22 9 8 17 5 23 19 8 8 14 16 13 2 87 24 9 8 9 22 22 10 177 6 23 7 113 33 113 14 17 12 12 22 15 12 16 12 
7 198 199 2 18 2 13 7 185 0 7 16 15 17 4 8 29 13 0 7 8 19 2 24 22 7 21 0 24 17 14 21 123 20 19 1 12 23 13 16 16 10 4 24 16 19 22 6 2 152 21 3 20 15 105 199 3 2 5 15 10 1 13 8 19 23 0 16 9 16 2 6 16 15 53 14 21 3 6 20 9 9 10 12 11 4 3 18 2 5 11 24 4 5 14 13 9 0 18 25 21 24 18 10 4 16 25 11 9 13 10 4 11 2 20 40 3 14 199 24 11 6 53 66 13 17 1 7 3 18 0 15 0 25 17 6 134 20 15 163 9 5 0 71 141 12 53 11 115 8 14 13 23 20 115 2 2 13 16 24 17 9 16 3 0 14 61 15 16 
3 24 5 13 24 10 11 22 0 20 23 19 19 8 13 23 6 21 16 17 24 10 22 15 7 165 12 196 19 81 6 18 23 5 176 17 22 1 5 9 16 8 177 23 2 8 111 12 8 15 24 187 21 2 10 18 14 12 5 69 1 14 123 2 21 160 17 124 3 15 7 11 3 9 39 5 14 6 6 142 124 18 37 19 0 81 13 9 176 4 8 11 165 3 176 7 23 13 7 4 19 78 196 22 23 13 18 3 3 3 23 20 22 24 9 10 8 14 8 5 22 16 20 19 1 24 11 4 19 0 0 177 1 15 15 13 20 6 15 13 13 196 19 17 22 5 5 8 7 8 22 176 24 24 198 5 0 22 13 7 148 4 4 0 4 23 10 6 
151 5 9 1 2 1 44 5 21 188 13 5 20 4 136 20 14 16 24 1 6 18 15 13 16 20 0 4 0 9 53 11 10 14 9 24 11 192 6 11 8 5 11 13 17 23 22 123 11 16 24 16 168 90 23 20 3 21 19 16 19 17 6 1 19 22 22 14 6 1 0 22 146 8 10 0 11 24 4 13 3 23 12 9 18 8 12 2 12 17 15 2 22 23 1 11 17 146 7 19 7 18 10 45 136 2 11 23 17 14 15 14 0 30 12 10 160 17 3 15 179 91 10 8 16 11 0 15 14 8 6 131 15 8 35 1 10 179 18 17 10 160 146 19 45 12 45 12 7 7 4 5 188 12 6 17 14 13 9 3 6 1 1 13 149 11 168 
24 22 8 9 12 70 22 0 95 4 5 15 2 49 19 0 18 13 16 17 6 17 16 14 18 10 20 11 4 41 5 13 17 0 3 21 88 11 8 7 9 1 8 7 0 0 151 2 13 10 6 84 184 1 2 14 0 24 13 22 12 13 12 15 12 8 7 16 19 8 0 95 14 14 0 9 18 18 19 14 11 1 7 9 14 1 20 18 8 7 15 4 4 21 14 12 95 8 15 9 8 23 184 184 1 19 8 18 14 11 13 22 157 20 5 95 16 19 19 95 63 21 0 17 7 1 18 15 5 11 162 4 1 140 16 22 188 6 1 16 30 17 20 184 17 95 6 20 23 16 5 2 15 12 2 18 21 10 4 1 3 21 10 4 15 184 
16 16 14 8 19 15 0 22 6 13 14 9 13 8 2 8 200 11 21 14 7 8 15 12 14 16 13 8 20 17 200 19 200 12 10 9 16 22 7 7 8 200 200 18 7 21 12 6 15 0 20 19 19 200 1 22 23 20 0 9 1 20 2 19 22 0 12 19 200 200 21 12 18 200 21 19 10 6 200 5 10 18 1 4 18 6 200 200 200 15 5 5 11 20 3 1 200 23 20 22 200 5 16 17 200 20 200 13 4 11 16 5 3 7 16 18 14 200 7 11 200 5 200 200 200 13 7 19 0 11 200 16 24 200 7 1 15 16 8 10 17 7 8 200 17 8 18 200 12 18 5 22 24 2 18 8 19 15 23 20 200 200 24 13 7 
149 0 3 1 178 168 0 138 14 18 9 0 62 15 174 11 22 18 18 0 14 2 103 15 11 15 22 24 18 1 2 16 16 17 9 18 10 0 15 2 5 10 17 3 18 7 18 3 107 5 2 183 4 46 13 12 5 15 17 0 1 23 167 14 17 16 192 10 16 9 6 3 23 11 13 18 9 22 20 14 10 4 5 150 22 6 14 2 22 108 13 19 4 174 21 6 1 10 19 23 6 5 20 8 9 9 15 16 24 147 9 9 15 21 6 23 23 4 18 12 23 2 14 19 150 23 150 15 7 16 5 0 12 6 16 17 1 8 14 15 15 5 5 4 189 161 0 22 7 18 9 20 24 21 24 181 6 149 189 20 16 11 161 3 
5 8 6 157 12 16 163 13 10 4 17 109 133 60 6 18 23 22 24 14 7 200 4 10 16 12 14 10 6 11 16 15 9 16 2 14 7 11 5 20 17 24 17 12 6 14 6 161 21 5 30 13 182 1 5 16 3 3 8 11 22 60 13 16 16 72 12 18 19 0 16 22 9 18 9 14 14 2 14 16 12 163 200 2 1 15 15 18 32 0 19 13 200 1 18 14 5 1 8 21 2 18 11 19 18 11 7 10 6 21 20 13 22 7 0 6 15 17 8 19 23 12 13 124 9 200 24 17 10 6 1 0 1 14 15 23 14 8 21 22 12 4 18 200 200 3 3 2 3 16 20 19 19 22 200 2 41 200 17 8 21 162 9 
200 5 14 19 18 2 1 102 8 22 11 0 8 22 2 3 10 99 4 1 0 10 4 22 200 2 0 16 17 4 13 200 11 22 12 107 24 133 20 22 24 161 23 8 7 17 7 16 24 22 2 5 1 21 19 14 11 9 111 1 1 23 5 19 13 2 16 20 0 9 5 23 190 4 6 22 4 35 5 6 15 18 0 0 11 21 11 12 19 115 169 5 12 19 22 2 13 8 16 18 4 7 8 23 97 12 200 18 6 87 200 20 178 67 12 17 19 18 26 8 17 21 8 16 18 14 18 12 17 16 21 22 6 81 22 15 21 0 21 10 0 18 19 17 24 13 65 24 18 167 35 168 200 7 10 18 2 16 13 8 24 11 
5 0 24 0 19 24 37 18 3 1 23 23 19 20 23 6 99 22 10 13 17 8 13 200 16 2 16 4 14 6 200 23 19 24 107 13 123 5 24 0 161 5 35 16 24 10 4 21 7 1 19 0 4 7 17 16 13 165 0 6 11 5 12 6 18 23 18 1 5 11 3 99 15 20 5 7 49 10 18 7 8 2 7 7 10 7 0 22 115 1 10 6 7 4 7 14 12 16 18 22 6 15 2 194 19 200 11 10 107 200 8 181 87 4 14 8 0 85 1 9 23 0 0 22 15 16 20 4 14 22 1 22 43 24 4 13 13 71 18 6 23 2 21 20 16 119 1 11 115 35 42 200 17 14 13 3 22 11 17 1 21 
22 13 160 5 14 1 16 78 4 12 12 14 13 5 4 17 7 19 9 13 23 4 12 75 20 3 22 20 7 7 114 3 20 6 3 22 11 21 3 19 39 14 4 13 12 15 51 11 10 22 23 1 20 5 10 8 11 11 3 14 7 0 13 10 3 185 0 2 10 12 1 16 0 21 2 13 8 22 14 10 15 12 12 10 19 24 11 17 12 10 44 24 11 17 13 4 51 148 14 16 18 21 22 7 16 21 193 23 18 117 11 19 7 88 26 15 10 10 17 17 1 24 12 5 108 14 21 148 5 22 21 2 6 20 117 88 17 21 6 127 23 6 19 1 8 160 15 5 0 4 23 8 19 14 5 14 20 23 16 117 
44 0 184 12 2 11 20 114 25 65 24 18 9 2 17 16 24 181 19 5 19 18 3 18 9 22 16 23 4 8 8 10 10 0 3 9 0 18 19 7 18 24 21 78 7 5 4 10 96 13 2 4 21 10 13 1 23 123 2 9 17 19 12 5 18 22 2 19 17 0 21 13 4 0 21 16 5 194 65 7 12 2 15 15 150 20 13 0 13 21 13 23 14 17 13 11 16 19 17 7 8 12 10 17 96 1 8 3 10 1 4 2 7 11 21 16 9 7 7 3 3 4 12 0 0 20 4 5 0 22 1 10 12 14 17 19 19 19 0 107 3 11 6 4 17 20 18 15 24 11 107 13 20 13 24 10 15 13 5 
15 195 22 5 2 0 10 12 45 22 12 24 0 9 9 21 117 6 3 16 14 16 1 4 17 20 8 2 5 6 9 13 15 7 2 9 13 10 1 15 7 9 152 11 7 13 3 91 16 2 22 6 9 22 20 9 125 16 8 21 64 9 5 9 16 12 7 13 6 1 4 16 22 19 2 12 192 64 7 21 1 22 24 89 0 2 8 45 21 12 4 4 2 16 21 12 19 14 6 13 18 16 1 103 10 17 17 4 19 24 3 9 6 16 17 3 19 21 117 21 16 13 6 19 12 21 19 6 5 13 13 5 0 22 14 9 4 11 91 168 1 24 13 16 9 14 21 13 22 45 14 85 12 14 2 15 16 10 
8 21 19 14 127 11 13 16 10 10 11 22 9 9 10 3 17 3 21 19 25 9 22 23 8 3 7 41 6 21 2 23 6 9 16 21 12 39 1 2 19 22 195 123 16 4 4 13 22 24 3 21 17 19 2 23 21 1 23 20 3 5 200 7 15 23 8 10 1 1 10 2 18 20 10 14 14 5 7 6 7 22 9 20 20 8 10 200 13 10 1 16 17 181 200 10 3 0 4 15 1 6 24 157 16 6 200 13 21 18 200 83 1 14 21 13 6 10 24 8 24 162 18 16 134 11 12 132 0 0 4 42 141 24 148 22 107 20 1 23 2 3 41 18 10 14 4 6 17 15 24 21 19 18 4 18 200 
11 3 13 10 171 154 171 16 19 7 9 7 18 11 75 16 6 2 9 12 17 15 5 11 15 8 14 24 14 2 16 4 16 9 21 4 0 8 8 18 49 7 15 11 20 75 17 7 15 20 13 22 15 13 170 22 21 19 108 8 22 1 13 19 14 18 5 15 12 17 11 13 0 1 91 163 3 24 10 15 8 163 24 21 10 145 2 7 6 7 2 6 4 8 0 9 0 23 14 24 3 185 5 21 11 4 19 14 11 7 21 7 23 10 10 9 98 3 75 20 5 23 4 5 0 23 24 15 20 24 24 17 11 10 1 20 23 185 15 20 17 22 9 11 12 19 1 184 20 126 23 15 18 3 60 15 
16 200 1 4 16 19 21 200 200 200 9 200 7 24 20 200 18 3 7 200 2 15 17 200 24 17 200 200 14 21 8 22 17 10 15 7 12 200 23 3 18 4 11 10 14 200 4 200 200 4 200 20 19 19 21 200 200 0 12 3 1 22 200 14 200 18 20 7 13 5 10 200 21 18 22 3 6 7 15 13 23 22 12 0 19 18 19 200 15 16 11 21 21 200 2 200 20 20 200 10 21 18 14 8 7 13 13 17 13 7 5 8 13 21 14 13 200 1 20 21 9 200 9 12 200 3 22 200 1 9 23 22 6 9 4 17 4 23 21 8 12 24 2 19 21 16 14 15 3 19 2 16 20 5 12 
16 11 15 5 15 16 21 17 8 37 6 7 3 5 17 9 188 23 14 11 2 6 3 102 18 15 12 17 4 92 19 10 16 56 9 63 16 5 12 22 6 16 6 20 24 2 19 17 9 14 81 18 14 4 10 19 6 4 20 19 0 18 6 7 190 10 24 2 11 191 4 13 18 2 6 14 11 8 3 23 0 49 70 7 6 11 18 24 18 3 21 8 0 16 10 16 197 19 150 7 18 191 150 19 20 191 21 8 10 10 63 10 0 20 6 9 15 11 16 19 19 2 17 14 9 183 1 20 17 10 79 14 21 3 20 0 14 5 57 19 16 136 150 156 92 18 16 14 24 5 0 13 16 5 
21 2 3 17 9 200 200 200 9 200 16 16 21 200 6 10 24 200 21 21 7 200 0 12 200 200 0 12 21 15 14 13 6 13 7 200 7 10 0 14 16 15 22 200 12 200 200 19 200 21 19 22 11 200 200 6 20 20 12 1 200 24 200 21 2 9 24 17 2 200 6 6 13 1 5 14 15 22 18 1 7 19 14 19 13 200 22 23 11 1 11 200 7 200 13 19 200 0 23 15 6 22 7 14 10 23 6 17 14 4 1 11 2 6 200 14 0 18 19 200 12 20 200 24 4 200 24 8 5 7 23 11 17 22 4 10 12 1 18 13 15 2 1 0 13 1 2 22 10 14 0 19 6 
22 20 15 24 9 9 4 21 16 14 20 19 0 5 22 152 24 16 22 10 23 21 9 17 10 3 17 23 7 21 15 23 10 19 0 14 3 128 79 10 17 7 22 6 4 14 22 1 17 6 2 5 10 13 23 9 20 9 14 2 19 7 1 21 8 2 23 11 14 12 23 23 22 13 16 16 2 15 13 7 14 9 42 0 11 19 17 22 70 107 9 20 6 4 18 22 17 13 82 24 18 79 15 3 4 140 43 2 18 10 8 20 12 24 23 12 31 2 7 118 7 0 98 14 3 4 30 107 21 9 23 140 11 13 21 18 14 42 10 7 1 0 14 24 16 0 1 3 14 127 24 111 
192 140 13 13 0 19 23 1 23 62 10 21 1 9 17 10 14 3 19 22 14 13 8 24 0 17 6 22 18 14 13 8 23 18 23 14 0 19 53 2 70 6 1 14 14 16 6 5 3 77 15 4 5 62 21 6 15 20 15 18 13 5 15 14 11 21 11 5 17 103 183 0 21 11 17 10 79 16 15 8 42 3 9 10 6 15 13 17 2 17 22 3 8 2 6 21 179 10 16 23 2 6 12 23 5 7 17 10 16 8 0 196 22 159 11 14 1 14 7 14 1 16 2 23 1 1 6 22 9 20 17 77 70 16 5 7 11 9 14 13 5 2 42 20 159 109 22 6 23 109 3 
115 17 6 21 21 20 1 6 146 9 5 2 2 22 6 5 16 19 23 22 12 24 17 8 23 2 18 18 11 8 6 20 19 10 145 22 16 5 5 58 1 1 1 16 11 22 5 0 130 7 5 16 55 24 3 15 11 16 23 8 14 10 15 15 4 6 17 10 139 154 6 6 2 23 24 181 7 1 8 146 20 21 2 8 20 22 19 5 24 16 8 2 24 11 23 189 6 18 11 9 10 2 5 17 12 19 6 14 12 10 195 5 15 6 19 9 5 7 11 10 22 10 12 9 5 10 0 21 11 17 7 154 21 0 13 21 19 9 18 8 2 137 24 10 58 18 22 2 82 23 
1 24 22 12 0 0 9 60 9 14 8 1 8 5 5 2 18 19 12 19 6 13 12 11 8 9 18 10 8 23 21 19 3 45 1 3 152 18 53 3 21 16 19 9 16 1 9 84 10 4 4 72 8 12 14 15 5 12 16 22 11 10 12 6 17 1 5 2 60 5 5 7 16 5 112 11 15 10 60 23 22 18 3 15 23 17 18 24 21 16 7 10 11 9 60 9 3 9 2 10 2 8 11 23 23 20 8 19 6 124 16 60 10 22 18 10 19 22 3 17 2 17 5 14 15 7 9 3 13 60 60 14 8 11 8 11 19 14 8 23 60 13 187 60 7 1 0 162 18 
4 5 22 5 1 20 20 19 14 12 17 9 4 200 24 200 22 15 12 13 21 14 21 23 200 200 19 6 13 19 12 5 17 6 10 23 200 4 13 14 4 20 2 13 21 10 12 0 12 13 2 200 200 23 6 19 200 23 19 11 6 200 22 8 5 17 13 17 2 200 200 200 14 19 24 20 5 3 23 200 18 9 19 200 13 15 11 200 8 200 4 13 3 13 4 1 3 6 10 14 200 0 7 200 13 200 200 200 15 13 8 16 17 200 23 5 200 24 2 10 4 8 10 16 4 9 200 4 7 12 200 8 24 6 17 21 13 14 0 1 0 16 12 200 200 19 18 23 
200 200 3 200 4 21 0 200 3 22 20 200 3 2 16 200 0 8 200 200 24 17 12 12 4 17 18 7 2 200 13 3 21 6 3 4 9 200 8 200 200 18 200 20 13 22 7 200 200 11 23 1 7 23 200 11 200 12 18 0 11 1 22 200 6 18 11 20 6 11 10 16 20 23 13 14 22 23 11 200 16 19 23 9 5 200 10 200 13 12 200 11 10 3 12 8 21 3 16 0 15 13 4 22 4 2 20 1 200 24 3 8 24 200 9 9 200 17 2 200 16 16 0 1 11 12 11 15 23 12 13 7 20 7 6 1 15 18 20 4 0 12 11 0 1 16 14 
200 23 200 11 18 24 200 3 7 24 200 24 11 1 200 14 6 200 200 10 22 8 13 2 11 20 24 5 200 22 5 10 6 4 11 22 200 9 200 200 10 200 12 16 20 12 200 200 18 22 10 21 13 200 6 200 19 15 2 5 9 7 200 12 6 9 9 19 14 8 2 17 5 21 14 14 24 0 200 16 7 8 1 9 200 16 200 24 16 200 23 20 10 2 18 12 18 20 12 16 3 0 24 18 0 20 22 200 3 22 16 12 200 8 16 200 2 9 200 4 18 19 16 15 15 5 15 12 10 1 20 0 5 14 23 9 23 11 24 6 15 17 15 24 20 14 
23 200 14 4 9 200 1 9 20 200 16 1 17 200 6 14 200 200 20 17 24 19 18 2 3 4 16 200 6 5 13 22 18 16 0 200 19 200 200 21 200 6 22 13 3 200 200 19 22 15 16 11 200 5 200 5 20 3 11 24 9 200 2 5 3 23 1 23 4 6 17 19 24 7 16 11 16 200 23 14 5 7 20 200 18 200 1 2 200 15 22 19 19 7 9 5 23 5 15 2 14 15 2 0 0 12 200 22 19 24 15 200 16 10 200 15 5 200 0 8 12 20 17 13 0 21 18 3 4 14 2 17 5 19 8 17 15 16 5 13 8 1 16 3 9 
0 0 23 23 0 15 99 19 1 9 15 7 21 99 20 21 4 128 18 99 14 23 16 99 14 189 21 10 6 5 16 19 7 5 19 8 0 11 18 20 111 10 6 7 15 12 12 4 13 11 12 23 20 4 89 22 4 24 18 33 9 23 11 16 4 15 18 15 13 16 5 97 2 18 3 24 15 2 14 4 17 17 2 22 8 24 27 12 97 8 3 141 97 11 0 66 19 14 23 19 15 9 8 18 6 14 9 2 16 6 18 4 17 23 8 7 3 0 8 0 71 10 19 21 6 16 3 4 97 1 11 67 97 137 99 4 16 22 22 22 5 24 3 7 
5 19 20 200 8 19 9 200 5 22 0 200 6 4 200 200 15 22 0 6 6 9 4 24 10 200 16 20 19 15 11 20 9 200 9 200 200 21 200 21 1 8 3 200 200 10 3 4 21 20 200 21 200 10 20 7 15 12 21 200 17 11 22 10 1 17 11 2 24 4 12 24 16 2 11 200 4 3 15 5 2 200 1 200 15 1 200 19 22 0 1 13 2 17 6 23 10 6 14 16 22 15 17 2 200 6 6 3 6 200 9 3 200 11 13 200 12 7 0 16 9 2 16 11 10 10 18 14 21 23 1 5 15 16 1 24 8 13 23 5 8 7 3 
23 197 0 161 14 11 6 20 197 5 18 22 17 10 10 22 197 15 18 14 39 23 20 5 8 161 3 12 6 16 19 5 2 163 13 22 74 13 14 10 5 161 4 17 18 5 15 12 197 4 16 19 13 110 52 20 75 19 17 197 0 0 161 6 15 4 197 8 197 12 12 19 0 18 22 151 197 16 15 15 8 20 12 3 24 11 8 3 23 21 7 14 19 11 18 1 19 20 22 2 6 3 22 8 16 197 15 18 23 1 23 17 7 16 2 161 7 23 19 0 8 15 9 8 12 49 18 24 76 18 2 20 22 3 96 3 17 13 6 22 2 6 
3 22 18 9 21 2 21 13 12 11 22 13 21 11 10 10 18 12 23 15 6 9 14 6 16 160 14 5 30 23 53 14 9 12 21 21 17 20 16 84 14 8 6 146 11 1 19 0 2 6 11 15 17 13 8 24 9 2 0 30 200 7 0 15 9 1 65 23 0 16 200 14 3 2 6 7 19 21 17 0 19 7 23 18 5 17 6 4 6 8 16 8 3 19 18 2 3 6 15 23 19 97 6 200 23 0 24 9 18 3 2 6 15 2 12 14 9 9 16 7 22 200 200 15 5 0 23 16 14 0 19 23 200 9 76 200 12 9 24 162 5 
2 99 12 19 8 12 200 14 7 18 20 16 14 15 200 11 11 12 177 13 24 24 17 200 2 19 3 1 9 7 14 104 1 8 189 19 5 159 16 200 18 20 18 10 4 0 142 23 23 24 17 28 158 20 91 0 14 200 11 11 200 18 2 0 200 10 200 2 6 2 18 10 4 190 86 8 3 18 1 0 7 17 7 8 4 12 0 0 17 10 16 3 10 4 21 5 24 13 10 11 20 15 2 200 0 8 24 22 17 6 4 14 2 137 4 11 8 0 14 9 4 8 4 65 0 24 53 21 23 19 21 17 141 14 19 14 8 22 8 18 
1 17 11 200 22 24 10 200 5 5 200 200 24 15 1 3 5 7 14 0 11 200 9 0 0 2 3 12 5 200 14 200 200 18 200 10 3 22 15 200 200 23 12 0 5 4 200 23 200 16 24 9 1 0 17 200 5 0 1 8 21 24 5 10 18 24 6 11 19 9 11 200 1 18 18 16 16 200 9 200 21 11 200 17 19 13 10 19 5 21 19 23 16 10 18 6 13 10 22 8 200 13 10 14 5 200 14 15 200 21 7 200 10 24 14 18 13 21 11 24 14 5 21 11 11 4 19 1 19 7 12 11 7 11 20 6 23 22 18 
1 6 0 7 88 21 17 22 7 2 21 22 191 5 3 15 149 1 6 10 14 12 14 15 22 7 1 19 11 15 22 6 163 10 21 47 20 22 7 16 6 9 15 6 12 16 5 23 9 180 86 6 1 17 16 172 6 12 88 19 5 18 172 6 99 15 5 9 17 17 2 163 170 5 8 13 4 12 5 23 12 21 24 13 20 19 23 9 4 16 22 14 18 18 16 19 13 21 14 17 22 191 11 0 13 3 14 14 11 3 14 88 4 0 5 21 13 24 21 24 10 151 21 6 82 8 19 13 6 18 141 9 4 23 18 22 13 11 
10 3 23 2 17 6 200 22 20 6 149 0 133 12 1 8 161 21 14 2 9 3 3 12 10 2 18 24 7 24 18 24 5 20 11 24 15 23 9 21 4 15 22 3 10 4 16 64 19 5 14 19 128 2 17 2 20 15 0 2 11 16 11 7 115 110 6 3 21 20 18 16 11 21 21 1 20 4 5 147 6 200 13 6 89 200 0 119 67 20 19 3 17 63 1 20 16 21 17 9 12 5 19 21 9 13 8 2 8 20 6 18 5 87 24 10 2 18 6 18 18 47 21 14 143 35 167 200 11 18 20 24 13 7 17 9 10 
0 11 10 2 3 24 142 10 11 9 16 23 22 20 20 18 54 16 2 6 8 146 22 23 10 12 16 0 3 13 19 18 11 22 24 5 1 7 12 18 16 142 9 15 19 19 6 19 16 16 22 9 17 5 12 15 9 15 23 9 22 1 4 18 13 1 141 14 21 22 16 16 139 39 9 16 10 13 6 4 0 5 174 5 3 146 17 11 3 187 141 11 19 12 19 23 13 20 11 23 148 16 10 187 9 12 25 4 20 1 109 197 1 25 14 39 7 18 18 17 0 92 10 7 24 18 9 7 2 3 11 21 19 121 10 159 
16 13 8 200 19 21 200 200 4 21 2 0 10 7 8 18 22 200 18 1 3 14 19 21 4 200 18 200 200 2 200 1 4 0 11 200 200 19 10 13 16 21 200 21 200 22 22 14 4 7 1 200 1 15 16 13 24 17 4 10 13 2 24 4 17 3 5 200 21 7 8 5 16 200 15 200 22 5 200 20 5 13 0 12 16 7 11 22 5 1 3 14 2 1 7 8 200 24 9 12 17 200 24 8 200 23 11 200 8 21 14 0 2 22 15 18 16 1 8 8 2 3 1 17 12 9 20 12 8 11 8 13 7 9 7 
4 200 5 14 19 22 23 4 14 1 200 200 4 12 7 3 1 13 13 9 17 14 200 13 23 12 20 6 19 13 20 15 5 20 17 17 0 200 200 15 23 21 200 19 11 20 11 200 10 4 19 15 11 22 14 200 200 200 17 11 18 10 24 11 8 200 19 21 20 200 18 15 23 200 9 200 18 1 12 3 10 19 14 8 3 24 200 22 11 200 15 200 200 200 16 14 10 18 5 200 17 24 200 20 18 21 12 16 16 2 6 10 200 2 5 22 200 11 21 14 11 5 22 20 3 8 24 22 13 200 200 13 16 12 
1 0 18 16 16 15 17 200 1 15 17 17 2 22 6 12 200 24 5 7 16 11 9 10 59 18 18 192 12 24 193 7 200 19 19 11 20 10 15 75 18 8 6 16 24 74 17 65 14 5 200 20 22 200 9 5 10 200 15 200 21 13 4 13 10 15 154 86 24 14 24 1 11 5 14 22 16 2 2 17 22 3 21 20 2 24 11 19 20 7 10 6 19 15 18 24 200 8 13 2 2 24 1 24 22 13 137 8 9 14 16 11 9 19 12 5 125 3 16 76 14 0 14 2 13 14 18 7 0 19 0 22 18 
4 14 17 4 6 16 24 17 200 200 4 15 14 20 3 6 10 17 0 7 200 11 2 24 3 18 9 17 15 19 1 23 23 18 7 200 200 16 19 19 200 14 6 16 12 200 23 7 1 6 6 17 17 200 200 200 24 19 23 22 3 19 9 200 20 4 14 200 6 3 8 200 5 200 12 10 18 10 20 19 8 12 18 20 200 21 12 200 10 200 200 200 20 19 22 19 18 200 13 10 200 14 9 15 14 13 18 13 13 20 200 1 14 20 200 16 2 0 22 3 24 11 14 1 6 3 17 200 200 0 15 4 
7 23 200 200 12 16 23 2 10 19 10 13 4 200 10 1 16 14 1 5 19 200 21 200 200 5 200 9 6 16 3 200 200 22 4 3 3 1 200 18 200 1 15 10 21 14 9 200 8 7 0 8 18 14 17 16 0 10 3 12 23 5 0 200 22 13 23 15 19 200 21 200 10 7 200 18 7 4 0 2 20 10 5 1 3 7 9 23 9 15 8 15 200 9 4 3 24 200 22 3 200 6 1 200 17 19 24 11 18 9 0 20 22 15 10 14 23 4 1 6 15 11 1 20 8 11 13 3 9 14 24 
7 11 24 12 11 76 12 14 2 161 6 8 10 20 21 15 8 16 12 10 8 22 4 19 8 1 177 20 19 18 19 15 24 22 10 2 9 20 5 5 99 5 18 13 15 18 17 2 2 7 2 8 21 15 14 6 21 115 135 18 15 17 9 10 15 12 24 1 20 11 19 20 121 12 200 12 7 87 200 17 173 12 12 2 6 19 63 12 8 3 16 17 18 16 9 19 4 22 22 14 24 83 19 22 23 10 146 22 2 11 19 10 1 14 55 12 9 40 35 158 200 12 14 20 5 16 9 5 0 22 
2 18 24 12 10 2 7 7 20 18 16 14 22 9 182 21 3 4 6 3 12 8 13 7 3 21 20 20 1 21 18 5 2 7 177 9 21 21 3 6 10 12 24 14 15 22 16 11 8 9 5 1 4 24 17 19 6 18 6 177 5 24 9 17 24 183 198 9 20 2 21 11 20 7 8 142 16 21 21 15 22 20 183 1 16 11 12 22 17 16 12 0 16 41 3 7 159 24 7 132 12 8 11 42 133 12 41 7 88 16 15 24 3 6 198 4 18 17 7 24 5 14 7 7 12 12 154 7 183 
200 13 3 2 2 8 4 23 12 24 200 10 11 22 5 12 6 11 200 18 200 200 15 200 1 12 20 12 200 200 24 0 19 15 10 200 10 200 7 22 18 12 15 1 200 8 7 23 12 14 14 3 13 7 12 2 9 17 22 24 200 4 16 5 8 20 200 4 200 3 21 200 19 23 3 21 23 17 21 14 8 21 19 19 7 11 14 8 23 200 9 24 23 7 200 18 4 200 12 3 200 4 17 0 13 7 4 23 2 21 19 20 11 16 15 14 20 1 16 16 9 17 11 6 24 17 11 15 
14 16 11 4 23 19 14 16 0 200 9 4 4 6 14 12 16 200 21 200 200 10 200 1 18 13 4 200 200 8 7 13 24 12 200 20 200 23 9 1 21 7 21 200 21 23 23 4 24 2 5 9 7 7 4 18 3 10 13 200 6 15 23 17 23 200 16 200 13 21 200 10 2 6 18 12 0 14 9 1 5 8 14 12 22 0 1 11 200 21 12 10 18 200 16 0 200 19 7 200 23 8 17 7 14 9 1 10 21 0 22 20 23 15 16 3 9 24 7 22 11 5 5 23 18 10 21 
15 190 0 20 3 95 9 79 14 22 4 18 6 13 9 19 6 17 4 15 10 17 149 5 20 21 20 15 0 16 4 16 11 17 3 0 156 11 13 3 24 89 9 2 19 3 20 23 19 8 5 23 8 1 171 10 16 3 12 15 6 12 12 18 19 13 14 12 41 6 112 9 3 1 41 23 198 67 6 8 23 19 103 4 15 1 6 2 6 10 3 15 11 17 1 24 11 199 11 1 17 18 190 11 15 1 14 7 16 24 128 19 5 107 11 112 5 4 22 13 23 0 12 4 13 24 
13 7 21 149 0 12 10 13 200 3 0 0 23 11 12 14 94 24 12 163 17 10 10 2 200 11 1 14 0 18 4 194 13 10 4 9 129 153 1 65 18 3 200 21 23 200 23 11 13 200 23 200 18 17 23 24 23 14 62 86 6 0 11 11 8 12 5 8 6 18 5 5 8 4 6 5 17 15 13 11 9 8 4 11 16 19 14 2 200 23 20 8 21 21 23 5 0 7 89 15 2 14 1 23 20 11 4 9 125 18 19 198 5 7 18 10 18 103 17 12 15 24 7 6 2 
17 10 2 161 2 161 3 3 8 13 22 4 7 4 2 4 0 21 10 18 59 3 13 14 21 23 24 22 15 1 9 12 7 14 151 10 4 17 3 111 3 6 9 6 8 12 13 14 17 22 8 123 168 24 5 20 4 9 7 19 0 4 6 22 8 17 90 22 133 17 22 102 123 4 134 87 9 2 15 17 48 1 8 4 15 20 3 8 20 7 16 18 9 8 20 81 2 13 14 15 45 22 2 4 13 13 17 12 7 5 2 167 35 168 133 11 0 10 2 3 6 23 19 6 
200 12 10 10 1 20 18 10 8 1 10 200 0 5 5 22 12 9 20 12 9 19 1 18 3 2 200 200 5 17 16 200 17 23 23 7 200 15 6 5 20 13 16 20 200 200 200 1 14 15 17 21 19 15 200 4 19 4 200 2 7 1 200 12 200 15 19 23 17 10 8 14 0 1 23 200 22 1 200 2 200 200 200 11 3 16 6 21 200 1 7 200 11 18 23 0 4 24 9 3 1 200 22 4 16 200 20 3 9 3 2 17 9 23 16 24 11 7 200 200 22 18 3 
4 12 0 14 1 4 14 16 2 22 200 2 1 0 15 8 2 13 8 12 10 9 24 1 9 200 200 16 14 21 200 5 22 12 3 200 20 15 9 19 1 19 18 200 200 200 15 20 15 0 5 11 17 200 9 17 1 200 4 10 20 200 12 200 22 10 11 12 12 0 18 5 16 20 200 12 2 200 24 200 200 200 9 17 1 4 0 200 7 7 200 3 12 9 17 17 9 6 2 18 200 2 10 13 200 16 20 0 22 7 4 17 2 14 10 8 14 200 200 10 7 14 
9 20 2 20 197 0 22 16 3 11 22 15 16 9 18 85 16 20 24 4 24 5 21 23 17 4 8 70 7 22 11 16 189 43 0 65 1 19 177 5 5 43 23 19 4 149 22 24 18 1 19 10 21 22 135 189 9 21 24 7 3 20 21 20 1 12 2 2 7 5 14 10 3 7 3 24 17 18 8 24 8 10 10 20 20 20 0 6 3 23 9 14 2 2 17 7 2 17 3 10 6 15 20 10 197 4 23 172 20 3 21 23 12 137 24 6 5 9 12 21 6 
7 112 16 1 24 19 9 21 17 20 2 13 10 5 10 22 172 4 7 4 16 14 8 11 9 5 6 16 16 1 52 10 3 1 14 35 20 0 6 6 20 21 2 11 11 6 21 161 156 17 3 10 13 4 6 14 10 4 5 2 17 11 23 21 161 16 24 89 161 4 109 12 16 4 5 22 157 10 9 17 10 7 18 16 19 12 6 19 23 7 7 17 12 7 5 4 182 21 0 11 16 3 9 9 161 16 16 115 161 42 161 21 3 2 13 23 7 20 6 7 
12 5 23 5 95 39 12 20 23 21 12 4 23 1 7 11 9 0 17 1 20 12 21 23 27 20 5 6 24 10 1 1 14 17 17 10 0 10 4 18 22 0 19 9 1 6 17 7 1 164 17 0 18 19 11 146 152 7 2 12 23 11 17 19 8 163 17 11 95 10 15 14 123 60 14 14 4 8 6 21 12 14 6 27 16 0 83 19 15 126 2 23 19 111 36 12 18 5 104 7 24 24 10 3 15 4 10 1 1 12 0 3 11 4 3 10 164 6 152 
11 17 23 23 18 3 2 23 23 4 2 4 11 10 35 8 5 12 15 12 5 5 18 23 8 5 13 9 64 24 11 6 13 0 10 7 0 8 16 4 19 9 7 21 22 63 144 11 24 5 16 15 22 23 10 14 10 10 9 12 135 19 161 9 5 161 8 4 67 172 18 4 11 11 199 8 18 4 14 6 13 17 24 0 6 22 8 19 4 131 23 7 13 17 61 1 0 8 5 20 19 1 161 4 14 14 8 117 20 11 24 0 24 15 9 23 1 2 
20 11 20 6 24 21 4 200 18 200 200 19 200 17 22 13 1 200 200 14 4 9 23 19 200 18 200 19 10 19 3 10 9 200 12 0 23 19 16 5 3 6 12 2 10 10 8 17 9 200 15 6 14 10 15 200 14 200 5 13 200 9 9 22 7 5 13 20 18 17 23 2 22 5 15 2 3 1 200 4 3 7 21 200 8 12 200 17 8 200 8 10 13 16 8 7 19 12 20 8 19 20 6 15 24 3 16 18 7 22 0 8 15 10 12 13 0 
8 21 24 21 3 12 16 8 14 22 98 7 11 80 14 200 18 18 4 2 16 21 120 12 5 11 15 110 165 4 145 24 2 200 18 16 200 1 18 14 200 11 200 7 15 4 15 20 14 106 100 10 22 19 2 12 21 19 1 0 11 12 16 16 8 17 21 9 23 17 16 22 22 13 0 9 2 20 23 200 4 7 9 11 3 10 7 17 20 89 6 20 0 8 10 10 20 24 4 3 18 7 76 18 10 22 16 8 110 22 12 23 5 2 20 7 
11 5 53 16 165 10 2 22 17 12 20 20 11 45 11 18 14 45 20 8 17 4 21 2 4 19 7 0 17 17 9 1 18 149 56 11 20 5 10 18 197 18 4 24 148 19 19 15 21 1 4 7 15 4 6 8 13 21 21 4 45 12 12 13 0 12 20 7 20 10 12 2 2 12 1 174 12 165 8 12 14 0 10 22 4 13 2 17 20 17 14 4 4 8 9 107 161 0 17 1 23 14 11 14 20 6 56 3 148 56 2 3 22 161 10 
195 3 21 16 14 5 15 9 18 3 0 4 22 4 23 4 20 19 18 182 19 4 24 18 7 3 13 20 5 2 5 19 5 17 22 10 23 7 13 21 10 10 24 23 84 11 18 10 10 16 6 114 21 17 9 18 6 7 13 15 127 23 13 132 10 10 9 132 14 13 6 13 3 17 10 17 0 18 177 13 17 175 19 18 31 21 6 15 114 54 12 161 20 161 24 8 16 5 10 157 15 5 19 23 11 15 18 16 20 3 15 90 6 132 
3 0 21 18 20 9 17 2 11 3 21 17 24 0 3 20 14 23 123 0 0 2 23 0 18 3 16 7 21 4 3 18 20 11 5 16 17 12 6 15 9 14 4 123 20 1 23 1 16 181 123 4 24 14 22 20 14 3 16 122 15 12 123 16 11 15 123 66 21 15 20 0 17 13 14 16 15 190 9 9 52 23 15 188 8 2 5 22 133 5 123 4 123 13 17 23 13 16 150 9 12 23 8 1 5 1 4 2 4 12 194 8 123 
14 152 9 24 1 8 14 5 24 10 23 14 19 4 116 9 17 2 12 17 6 11 24 13 0 0 15 10 6 5 27 116 23 12 17 2 15 110 17 22 12 160 8 3 0 12 2 14 18 4 18 12 1 16 2 18 10 152 21 18 20 0 9 15 18 22 13 4 9 5 13 5 148 17 116 16 6 2 3 18 2 23 15 6 16 16 2 3 17 18 20 15 160 30 6 24 2 22 18 17 24 3 21 156 2 52 148 6 6 11 30 3 
21 18 13 6 1 3 11 17 24 0 18 6 9 11 200 200 17 11 13 200 5 2 19 7 200 11 18 21 21 11 11 8 200 200 200 1 11 9 11 5 5 24 200 4 12 1 200 1 10 14 200 17 200 16 13 17 12 0 16 10 4 7 0 200 17 17 200 13 200 200 200 0 23 13 3 7 200 17 14 200 1 5 24 19 9 22 22 10 2 200 12 11 0 200 15 21 3 17 14 6 14 1 1 18 5 23 200 200 6 3 22 
2 1 7 8 7 3 14 16 22 2 5 12 182 17 17 9 7 4 19 24 7 17 4 3 18 5 19 22 94 53 7 1 18 16 15 32 22 8 9 41 9 7 7 14 11 7 15 6 6 1 9 9 3 2 18 53 5 0 19 5 21 5 9 13 0 15 1 12 0 17 41 17 41 16 21 24 4 1 0 1 6 3 4 6 9 1 18 16 22 17 182 182 7 18 12 10 21 3 17 11 1 41 17 7 53 21 10 3 53 9 
11 200 200 22 200 0 14 10 7 200 200 3 17 19 12 22 200 24 200 13 10 2 9 20 15 200 16 12 2 17 24 0 17 16 0 6 2 16 8 22 16 200 0 18 15 7 15 200 7 200 0 18 200 12 6 4 22 15 12 8 10 16 10 7 24 24 5 3 11 4 200 20 4 7 11 200 11 22 200 24 6 200 6 17 18 6 23 20 19 0 12 3 4 17 14 9 9 2 12 2 23 6 23 22 20 24 3 14 13 
19 19 94 18 10 58 22 27 18 6 5 15 15 1 44 21 14 9 11 8 59 1 199 7 6 122 24 13 29 0 20 5 59 19 104 8 8 12 21 22 19 112 69 17 0 8 23 3 3 16 7 6 20 24 14 6 18 2 6 23 22 2 8 5 22 10 19 4 8 1 9 44 6 9 6 13 22 18 16 10 11 150 13 24 14 11 4 16 2 16 23 27 3 20 29 16 4 9 7 21 122 6 7 23 4 21 22 9 
200 19 200 3 19 4 12 200 200 20 20 19 7 8 200 3 200 6 8 18 24 22 1 200 4 15 16 12 19 11 24 17 19 2 22 10 22 16 3 200 22 24 21 20 15 200 19 200 4 2 200 3 6 15 1 9 8 17 4 18 6 17 17 9 21 5 0 8 200 15 0 23 20 200 14 17 200 10 13 200 7 3 4 16 16 5 12 17 5 4 4 5 6 13 23 10 18 10 6 17 15 18 7 18 19 7 1 
3 200 7 11 24 21 200 200 23 11 8 1 13 200 4 200 18 1 8 2 5 2 200 3 18 3 1 7 2 3 2 21 8 3 11 13 16 18 200 20 13 24 19 23 200 15 200 11 15 200 12 8 23 9 17 18 15 2 22 19 1 21 21 8 24 9 0 200 0 21 7 0 200 14 21 200 2 0 200 19 7 15 23 10 12 10 2 6 4 11 14 0 5 19 18 22 13 12 2 7 4 14 20 14 10 21 
0 1 146 6 66 5 0 7 17 16 11 51 23 23 24 8 91 165 11 55 14 12 51 7 24 98 20 17 24 51 18 74 19 15 11 14 18 3 2 34 11 2 20 17 13 10 14 2 10 7 23 9 2 1 5 10 15 19 20 15 24 4 15 7 23 21 3 2 174 21 8 13 3 5 6 16 11 5 98 20 21 22 20 23 9 8 2 17 127 9 2 111 0 8 1 0 10 103 5 16 8 9 5 23 2 
13 24 20 22 200 200 8 9 18 5 24 200 12 200 17 24 22 12 23 15 200 5 7 16 16 17 23 16 21 4 9 0 15 3 6 16 200 14 4 16 3 14 200 18 200 0 9 200 9 13 0 24 1 21 24 22 12 14 20 0 0 12 2 5 4 200 8 22 11 11 200 20 7 200 4 21 200 15 20 6 16 0 16 5 24 23 19 2 13 14 14 23 23 2 6 17 11 3 14 22 6 23 13 17 
7 8 14 6 10 19 12 20 5 19 16 0 3 151 0 6 17 10 128 24 3 4 10 12 8 6 2 8 10 15 177 95 17 22 2 11 11 12 4 0 6 13 19 9 20 56 15 81 8 7 145 165 3 181 126 5 7 23 20 77 21 22 5 10 6 4 21 13 12 3 22 13 9 10 75 15 9 6 0 62 6 5 6 4 6 8 0 111 23 4 165 64 125 81 7 2 3 24 8 14 18 20 2 
4 1 21 4 16 9 3 6 193 9 20 24 14 22 1 16 184 7 20 160 9 21 49 13 15 0 10 19 22 24 8 19 16 18 3 102 187 16 22 16 12 0 15 21 3 18 20 10 8 20 11 19 12 9 24 12 16 7 18 24 18 23 2 6 0 187 17 22 16 1 10 2 19 9 3 187 14 21 20 18 16 18 20 13 18 171 13 10 49 22 2 8 5 5 14 23 13 16 9 21 11 8 
0 5 8 90 14 0 21 14 24 4 5 19 18 11 2 17 21 7 24 49 22 19 1 13 18 3 65 23 11 23 90 6 1 20 14 19 6 24 22 0 6 11 22 8 0 24 22 4 7 0 1 4 20 18 6 13 22 3 1 20 11 15 20 34 15 17 1 23 18 4 1 2 19 16 20 6 16 1 13 13 18 90 60 22 4 6 22 22 17 11 23 7 90 19 34 34 7 23 1 84 23 
22 8 1 14 15 13 75 12 19 12 16 91 74 0 91 3 8 200 4 3 200 23 7 18 200 16 200 10 1 21 13 19 16 190 100 12 0 2 15 16 0 18 10 20 8 14 12 3 6 24 16 3 24 20 24 0 11 20 10 2 7 24 13 200 18 12 10 13 8 12 4 18 24 137 18 7 24 14 9 7 14 15 15 127 5 17 0 10 19 5 16 19 141 10 22 18 4 16 20 18 
200 9 9 9 6 16 200 2 200 1 18 14 19 2 14 200 23 3 16 21 0 8 6 1 18 21 12 8 20 7 3 200 8 17 9 0 14 200 24 200 23 19 200 18 16 15 11 8 24 8 3 8 24 18 22 5 2 0 11 23 200 21 17 18 21 200 2 19 200 24 11 200 16 14 24 10 4 9 19 8 14 8 4 0 24 20 6 5 5 4 0 17 5 23 17 12 17 1 4 
17 19 1 1 11 200 21 200 17 0 15 13 14 5 200 10 17 6 9 11 8 3 12 3 1 14 8 5 3 17 200 0 16 2 11 3 200 7 200 21 9 200 2 17 8 24 15 0 0 24 18 18 16 3 22 20 3 20 21 200 10 23 19 18 200 16 5 200 22 9 200 7 16 10 14 5 15 20 16 19 23 16 16 11 4 23 20 11 12 7 17 8 23 2 15 2 9 20 
2 1 18 12 3 3 10 19 9 2 21 7 12 5 9 163 13 21 11 23 10 10 179 5 11 9 72 19 9 1 3 21 20 12 8 1 7 7 24 14 13 0 146 17 15 10 21 2 14 12 19 3 13 10 7 19 12 60 8 13 14 11 12 8 10 4 24 21 0 14 5 6 0 7 5 15 20 72 13 17 23 8 18 18 2 20 17 11 13 23 52 72 6 19 0 162 11 
200 15 16 22 200 13 17 20 2 200 18 12 9 17 23 20 11 200 200 200 0 9 9 2 10 5 6 200 15 10 1 200 2 3 15 200 21 200 12 7 6 2 19 9 16 11 9 6 200 20 0 200 18 200 200 200 21 1 10 13 11 200 1 20 200 3 19 16 6 15 20 10 18 14 200 21 4 22 200 7 4 9 9 10 18 13 0 12 18 18 1 200 200 14 4 5 
23 6 14 200 6 14 10 17 200 24 22 7 3 23 21 20 200 200 200 20 12 6 3 19 18 17 200 17 18 13 200 14 17 4 200 17 200 11 9 14 4 8 9 24 22 1 7 200 2 2 200 21 200 200 200 12 19 16 7 2 200 22 11 200 12 3 21 0 22 0 21 17 17 200 2 17 3 200 5 19 11 17 13 9 4 5 8 4 5 11 200 200 19 0 21 
13 9 4 4 3 15 8 14 23 3 20 16 24 10 0 4 17 19 9 21 15 23 0 7 200 2 20 8 1 9 181 200 17 16 15 11 8 21 2 21 158 19 8 200 10 1 3 200 1 8 12 10 3 14 5 3 16 4 162 17 13 143 22 18 99 17 12 15 71 169 7 148 16 107 11 20 21 19 3 128 24 10 5 1 15 17 8 15 7 0 6 198 13 200 
1 1 22 1 88 112 21 136 11 11 113 12 16 75 11 4 0 142 2 113 9 4 5 23 21 3 114 120 3 2 10 19 3 3 16 19 8 14 10 7 22 13 20 5 7 12 22 19 3 20 3 24 15 8 13 10 113 7 15 1 4 15 9 21 24 0 113 17 13 12 11 13 14 0 2 24 3 21 3 61 7 7 11 12 24 56 8 17 9 2 2 22 5 
1 200 4 10 6 17 21 0 200 23 6 24 16 19 1 10 22 14 12 0 12 2 5 10 200 15 15 10 13 5 200 17 200 8 2 200 1 11 8 19 0 16 24 20 1 2 6 12 14 7 17 20 23 200 1 23 1 8 200 0 12 200 2 17 200 19 19 21 24 10 1 2 6 9 23 23 11 2 14 12 23 2 21 4 3 15 4 14 0 3 10 23 
5 1 5 11 200 22 11 22 0 2 15 12 200 200 200 16 7 13 21 18 11 1 200 17 4 23 200 19 1 0 200 7 200 7 10 18 14 17 9 21 5 16 12 200 0 14 200 9 200 200 200 12 20 17 22 9 200 8 9 200 3 19 21 12 5 19 22 17 24 200 6 21 23 200 21 19 9 1 10 15 1 15 2 10 5 12 200 200 7 19 16 
17 5 6 12 2 13 200 3 1 12 18 16 24 20 21 7 3 15 3 15 2 21 200 1 6 5 16 6 200 3 200 3 5 200 8 23 23 22 10 22 10 13 24 3 22 22 2 2 3 4 12 200 14 1 22 19 200 13 18 200 2 9 200 15 14 21 3 21 11 21 1 19 17 11 19 10 14 20 14 11 9 8 21 12 9 24 17 14 4 2 
9 4 14 18 72 19 0 6 15 15 3 7 15 1 5 11 172 110 21 13 15 20 9 21 17 6 0 9 6 10 11 91 18 89 10 19 92 151 15 119 168 23 3 16 17 99 11 18 3 9 1 10 21 8 6 17 2 22 15 22 178 10 10 19 11 54 5 3 15 0 16 14 3 99 1 16 172 190 157 157 19 4 18 20 20 22 1 3 20 
24 19 145 0 2 142 7 15 68 5 24 2 180 4 9 3 18 3 16 7 13 62 91 14 3 23 13 23 22 7 4 20 7 4 8 12 12 11 15 5 23 2 21 5 16 19 7 21 9 17 15 9 24 6 19 22 8 11 23 24 1 100 14 17 2 7 11 2 10 12 18 63 16 8 129 23 16 24 5 12 12 12 14 12 9 10 2 22 
0 36 11 15 74 17 8 82 9 24 6 165 16 158 11 14 18 17 12 0 172 32 17 12 22 22 22 23 16 24 5 6 24 12 11 20 15 19 20 24 0 2 5 4 19 16 17 22 1 15 163 19 8 6 13 6 18 21 8 12 82 0 8 3 12 8 9 15 0 20 157 3 15 31 10 21 0 12 17 195 1 9 10 16 24 0 17 
21 17 7 1 3 17 2 200 200 200 3 6 14 23 5 15 8 200 3 7 6 200 16 8 8 200 12 200 6 21 11 0 4 5 24 19 5 17 200 20 0 200 11 200 200 200 17 22 13 22 23 200 8 3 200 3 6 9 17 8 8 2 15 4 200 3 19 1 200 21 22 22 3 16 5 19 7 18 16 12 19 200 200 10 4 8 
4 8 158 0 15 153 5 14 5 91 21 91 22 20 11 9 9 0 138 145 18 20 8 22 2 20 0 19 20 8 2 2 4 20 9 18 3 8 18 22 15 18 10 7 24 16 18 1 55 11 2 3 12 4 24 13 1 21 142 6 18 16 22 10 18 23 21 18 101 6 7 153 20 22 4 1 16 84 1 1 6 6 16 3 14 
9 18 22 5 9 11 23 17 18 21 17 179 120 14 20 6 3 14 22 0 10 24 11 12 15 8 148 20 18 16 18 136 18 3 178 87 15 2 8 17 88 6 9 8 17 23 19 24 19 3 22 17 14 7 3 149 2 16 9 15 49 4 17 8 5 8 20 17 30 6 5 104 25 81 25 9 0 19 20 5 24 9 5 11 
19 21 6 15 2 5 9 18 0 17 6 24 14 6 5 200 0 17 10 21 22 200 16 200 6 14 200 17 13 14 9 16 17 21 20 24 5 17 4 3 20 18 10 21 200 3 12 1 13 200 4 6 200 23 11 200 18 13 18 15 13 14 18 14 23 19 24 0 12 14 4 10 8 6 3 12 6 18 13 10 10 14 5 
22 8 200 10 24 24 200 15 200 24 7 21 15 22 22 190 100 15 18 10 13 12 20 5 8 11 23 17 3 12 22 9 1 9 8 10 5 20 7 15 16 9 1 1 2 200 3 22 16 12 24 1 22 1 16 89 5 10 15 5 7 1 24 6 13 49 23 3 53 15 0 23 18 10 14 15 15 20 14 24 13 12 
42 21 6 22 11 23 88 2 5 22 5 12 23 12 14 13 19 22 4 17 21 22 24 10 15 6 165 6 9 20 21 3 1 2 20 24 9 10 4 1 14 42 15 2 22 22 24 8 1 19 12 11 10 2 3 21 2 22 17 0 2 88 91 11 9 18 4 13 23 16 20 20 32 14 165 52 1 4 11 59 24 
5 0 4 24 11 36 21 23 14 200 18 14 7 7 9 15 0 8 18 11 4 1 23 24 9 6 23 10 1 23 20 17 22 19 8 16 20 14 10 14 124 1 200 0 6 14 1 16 14 22 9 6 15 23 4 15 19 1 22 4 200 200 24 24 13 18 24 4 12 3 5 200 19 52 200 8 18 3 162 22 
1 9 19 200 11 200 6 15 21 23 6 6 114 100 21 8 12 15 1 15 9 19 7 5 17 17 14 9 9 15 8 21 1 12 1 0 3 19 24 21 10 18 200 12 4 21 5 4 9 15 16 6 137 17 5 6 21 11 16 16 22 13 49 3 10 53 12 13 18 20 5 8 18 11 9 5 19 20 23 
200 200 5 17 3 24 19 20 20 200 8 14 22 200 23 19 11 200 0 200 9 8 7 5 22 5 15 20 21 18 200 21 24 200 9 200 200 200 2 17 11 17 18 200 3 4 200 16 11 17 22 17 11 5 4 4 200 21 7 0 200 13 17 0 14 10 1 4 12 19 23 19 4 200 200 14 4 1 
200 18 4 9 2 7 18 3 200 6 2 3 200 22 1 10 200 24 200 6 12 3 3 14 24 13 16 12 21 200 2 6 200 9 200 200 200 24 9 20 23 9 200 18 7 200 23 23 21 20 11 9 3 17 10 200 6 0 18 200 8 0 5 18 7 16 2 11 21 15 6 3 200 200 22 20 10 
2 16 9 12 20 6 21 200 24 7 4 200 14 22 7 200 0 200 2 21 24 4 6 1 15 19 21 18 200 12 3 200 13 200 200 200 13 3 12 19 23 200 0 20 200 11 11 4 11 7 23 21 21 2 200 18 24 18 200 3 17 15 13 7 7 19 20 8 10 12 7 200 200 16 16 1 
10 200 16 14 12 14 4 16 114 86 2 2 13 14 5 1 0 4 15 3 13 21 23 19 16 11 20 21 7 23 14 11 23 10 24 16 11 1 200 18 11 22 8 2 14 0 1 5 89 11 20 1 21 19 15 13 4 10 127 7 21 82 16 1 9 12 20 175 8 1 13 17 8 12 20 
10 24 19 112 19 2 13 24 18 0 9 8 18 19 8 9 11 23 24 179 21 1 1 1 16 20 0 11 12 23 24 6 4 24 3 13 183 13 12 24 4 9 4 11 20 4 24 3 19 6 17 14 16 8 11 108 18 2 2 7 19 5 18 21 0 11 6 112 183 22 20 12 36 23 
18 18 12 5 23 22 154 86 9 14 12 11 15 14 18 21 2 7 7 17 14 23 23 15 21 20 2 10 10 21 15 5 12 9 2 13 200 4 7 13 7 7 12 11 16 7 137 10 0 7 6 3 22 0 2 4 3 15 19 198 23 15 12 1 22 45 14 11 11 20 21 11 23 
70 3 16 22 0 3 21 0 24 3 4 17 17 24 107 21 115 7 6 107 115 12 28 136 15 22 13 0 26 9 15 0 19 18 0 4 8 13 14 11 10 21 10 81 14 4 16 11 61 15 4 18 8 0 21 7 115 22 23 114 35 42 115 22 15 16 1 10 18 2 19 8 
17 0 2 6 3 4 22 0 1 4 6 2 19 65 15 80 8 5 1 110 4 135 77 8 3 14 3 143 12 8 6 1 20 2 9 16 19 8 3 19 4 12 127 5 9 13 10 109 24 24 23 2 2 13 20 120 24 5 169 186 96 143 19 7 17 10 16 10 14 2 5 
22 5 1 22 11 4 19 6 4 12 22 4 8 23 18 6 2 22 16 19 14 12 18 11 20 13 24 17 9 2 60 3 200 17 6 14 11 8 17 5 3 19 7 14 2 19 0 12 12 24 200 200 20 24 12 11 2 21 17 4 24 200 20 92 200 0 12 7 162 0 
0 14 5 12 7 181 200 24 15 9 16 5 19 16 6 9 9 24 200 14 5 24 200 114 24 11 15 3 1 9 4 14 23 162 18 7 189 0 8 188 9 17 10 142 133 14 186 5 107 24 19 5 3 5 150 5 8 23 12 19 24 22 15 1 13 19 135 21 200 
20 17 14 200 13 19 8 200 17 200 0 13 14 4 19 21 21 1 11 17 200 11 13 200 0 200 200 200 14 5 22 18 5 200 4 23 200 13 21 17 20 23 24 7 3 5 200 3 4 1 200 15 22 13 7 20 17 10 18 13 13 20 1 200 200 13 22 16 
13 15 7 5 12 200 10 200 17 4 200 4 4 10 13 24 1 24 4 24 15 5 16 5 5 16 21 8 200 8 14 20 10 200 14 11 200 3 13 200 14 19 6 13 7 21 23 19 13 6 19 12 3 23 23 7 23 1 8 10 2 21 8 17 14 8 6 
112 4 1 8 10 7 8 8 1 6 2 10 13 5 4 0 10 14 9 11 18 1 19 3 24 19 11 12 10 62 0 2 6 10 15 15 4 1 19 128 23 10 4 14 12 1 9 6 13 106 19 22 110 16 18 3 1 11 126 15 6 5 14 15 1 21 
18 16 22 21 6 24 10 1 12 7 18 20 0 22 7 3 11 2 4 16 19 19 16 1 3 0 24 3 86 17 19 6 13 2 16 13 18 12 89 10 22 20 9 13 9 10 8 11 10 2 1 53 2 9 17 4 2 96 24 1 5 14 15 6 8 
12 9 18 200 0 200 1 2 10 5 15 17 12 2 4 20 200 7 8 200 8 200 200 200 1 3 24 21 7 200 21 11 200 11 13 4 8 17 14 20 8 9 200 20 6 22 200 9 13 0 5 2 22 19 7 22 2 7 19 200 200 20 8 23 
181 0 18 3 6 19 8 16 14 85 9 15 181 9 20 11 181 172 24 24 1 8 15 20 13 14 1 190 8 3 189 11 2 76 19 22 18 1 133 24 181 17 181 5 6 24 3 18 128 4 11 6 6 16 16 8 7 0 21 2 135 14 181 
21 15 18 0 2 8 12 15 9 21 17 200 3 6 12 200 97 3 22 7 20 12 14 0 19 17 45 15 3 80 6 4 150 21 24 10 42 169 9 160 24 107 11 0 1 17 22 41 11 23 10 3 19 17 10 12 15 8 0 13 10 200 
0 200 15 9 200 5 18 10 16 12 8 8 13 5 16 1 11 8 24 15 22 4 200 7 20 3 14 200 23 17 200 10 16 200 1 2 22 0 2 23 20 0 19 0 18 17 22 9 18 8 21 2 9 2 7 1 6 9 23 16 13 
5 200 11 12 24 0 9 3 4 22 11 3 200 8 4 200 17 200 200 200 16 20 14 18 24 200 14 6 200 22 22 10 8 9 11 20 4 20 200 10 3 14 200 0 4 7 16 12 2 17 4 10 8 21 8 200 200 5 5 6 
18 9 200 18 3 15 16 22 1 16 8 2 11 5 20 12 17 6 5 14 200 13 23 4 23 200 0 14 200 16 13 200 7 6 16 11 7 2 19 7 17 24 21 9 12 20 24 11 5 18 7 0 20 3 9 12 9 12 0 
4 9 21 24 14 5 16 13 7 2 200 11 15 200 22 200 200 200 1 13 19 5 22 200 8 13 200 7 0 19 19 16 21 3 20 8 200 19 9 8 200 6 8 21 7 16 6 20 21 4 20 7 22 200 200 10 5 6 
11 56 9 10 97 55 18 58 65 8 13 1 3 151 11 23 2 8 3 19 2 14 1 7 1 17 19 13 136 23 12 23 23 42 14 24 16 5 16 14 21 90 1 14 147 55 49 90 10 3 0 6 13 8 10 20 3 
9 11 16 23 18 14 13 24 24 16 19 3 7 5 7 14 16 200 17 20 9 22 200 17 23 200 4 6 200 24 3 0 3 8 8 1 5 2 0 14 0 8 1 3 14 8 24 13 5 2 22 19 13 2 12 23 
8 7 87 200 5 10 126 24 19 10 6 108 11 19 4 24 16 0 23 6 0 22 0 15 17 9 183 16 18 20 5 7 13 16 22 0 5 8 6 119 10 0 119 35 33 200 7 10 11 14 17 3 8 24 0 
20 17 0 7 23 13 9 23 7 19 14 7 11 6 60 0 6 17 22 23 2 17 5 4 24 5 17 16 16 24 17 12 14 24 6 6 8 23 3 5 10 22 10 15 12 6 15 76 6 12 4 11 162 5 
6 7 97 17 19 2 85 194 8 10 24 14 10 2 19 1 0 9 17 16 13 5 9 75 1 2 14 109 72 18 175 9 157 6 0 16 14 12 158 19 7 0 17 0 13 23 8 13 0 17 175 5 163 
141 1 30 46 13 8 3 16 108 8 17 21 17 22 10 10 21 20 0 21 17 20 7 23 5 23 23 19 146 16 22 17 12 9 13 2 107 7 9 107 87 167 145 5 2 5 1 17 4 2 0 0 
14 184 46 12 10 10 5 139 4 4 11 3 1 4 22 3 9 1 0 6 8 24 199 15 20 11 21 182 2 9 16 24 16 5 24 119 3 4 7 35 66 200 0 12 8 10 2 0 24 10 5 
14 19 18 200 66 23 17 9 13 13 24 13 4 10 162 20 20 80 8 14 99 22 6 21 30 17 18 160 8 107 24 6 4 23 24 41 0 4 15 11 17 4 13 14 14 11 16 188 12 200 
57 22 0 22 22 167 2 12 19 5 3 22 24 8 10 7 23 9 12 2 26 10 5 9 23 46 22 22 17 22 3 2 18 107 14 18 19 184 143 178 15 6 11 2 8 10 3 9 22 
14 11 21 23 113 16 13 15 21 19 16 20 9 11 3 7 6 9 21 56 14 23 3 20 31 2 22 24 11 4 10 19 67 20 8 136 136 154 191 1 14 17 18 16 17 9 3 23 
20 13 200 1 200 200 200 22 18 7 23 10 200 10 16 200 9 21 15 23 0 6 21 19 20 200 1 11 0 200 7 6 3 23 24 3 10 14 24 9 23 19 200 200 18 18 12 
63 19 11 21 23 21 12 10 8 12 29 3 12 48 19 11 150 8 7 18 71 169 16 148 5 107 13 17 19 4 19 128 11 13 13 12 2 14 22 0 6 22 6 135 7 200 
21 16 0 14 7 11 9 8 7 135 12 15 172 9 15 77 7 6 9 2 97 7 172 17 135 3 24 23 0 11 63 6 24 7 2 15 18 0 16 14 12 13 83 11 43 
4 200 200 200 4 18 22 19 16 200 24 21 200 13 19 23 20 22 1 19 15 9 200 19 4 18 200 22 24 14 9 2 2 3 10 10 9 6 7 200 200 21 7 22 
17 12 18 3 11 22 7 20 24 2 15 16 20 6 34 14 1 22 5 7 19 24 3 17 9 12 8 26 13 19 48 85 66 15 12 8 22 18 7 24 9 12 5 
200 200 13 9 13 10 2 200 22 15 200 14 11 23 4 9 8 13 24 22 200 3 20 15 200 20 18 4 24 6 0 12 21 22 20 16 23 200 200 16 6 2 
200 15 0 15 19 12 200 9 23 200 5 14 21 2 10 7 9 10 1 200 2 23 4 200 11 0 23 22 12 23 9 24 6 24 8 12 200 200 19 3 4 
22 14 21 19 7 200 6 18 200 1 12 17 23 16 22 20 15 23 200 8 23 8 200 1 14 19 11 12 19 3 5 0 20 11 3 200 200 2 7 10 
1 124 16 17 22 1 1 24 13 15 10 17 19 21 8 0 9 16 13 124 97 16 18 1 1 13 21 0 20 20 97 6 187 97 0 0 20 56 19 
15 3 13 6 200 11 15 200 24 14 200 7 12 8 1 3 23 23 16 1 4 24 3 20 7 2 18 22 21 13 3 6 5 9 14 0 18 5 
8 13 24 3 23 20 1 5 11 24 14 2 9 17 14 16 19 200 200 1 4 13 0 15 14 1 14 6 200 18 52 200 2 19 11 162 23 
24 18 4 2 19 3 19 7 15 89 1 0 19 9 16 13 18 14 9 3 0 3 0 2 9 12 20 14 14 10 20 21 12 12 23 13 
24 14 128 17 23 38 2 12 0 1 10 13 143 18 29 7 12 20 8 7 143 23 17 3 17 23 6 2 11 8 18 2 188 9 143 
24 3 200 5 7 20 14 1 15 15 22 22 200 22 11 7 200 21 5 3 21 13 15 5 20 15 23 7 15 200 200 13 17 4 
16 8 200 9 11 200 0 18 5 10 19 17 23 13 5 9 1 17 3 17 10 23 19 5 22 17 14 16 0 13 8 5 13 
2 9 103 17 5 16 6 74 14 134 19 48 11 21 9 1 10 143 20 7 24 15 21 6 24 19 13 12 0 80 12 6 
21 20 19 5 22 18 3 9 16 200 15 0 5 200 6 13 21 6 19 4 2 5 19 13 12 17 200 200 14 16 3 
4 1 200 24 19 0 1 12 18 9 20 2 22 7 8 8 7 6 2 24 1 11 0 3 21 2 20 9 3 17 
20 24 19 99 150 12 151 19 103 22 22 16 10 16 109 24 1 13 7 18 20 0 22 0 20 4 3 9 38 
22 17 19 10 83 19 23 24 8 2 9 15 75 16 5 4 121 81 56 8 8 13 16 13 7 21 10 12 
23 13 19 12 17 1 23 21 24 2 18 7 3 11 4 21 1 1 2 1 9 1 6 4 18 14 10 
22 8 17 12 23 23 5 8 15 15 7 2 53 19 24 5 16 13 45 7 7 14 15 17 5 1 
130 17 22 9 130 17 6 15 20 18 22 19 11 17 5 20 7 8 19 20 20 9 142 21 142 
19 17 21 17 21 14 19 20 20 17 23 5 10 6 7 16 10 22 19 1 1 13 16 10 
19 21 6 15 2 10 16 87 23 12 6 61 21 62 11 20 18 14 15 6 10 21 7 
18 107 23 18 4 9 14 41 23 23 20 13 14 17 20 1 13 20 7 118 10 148 
8 11 4 200 23 9 18 11 5 2 22 9 18 10 15 22 200 200 13 16 6 
15 22 20 21 3 150 9 19 4 2 22 12 14 16 17 23 3 154 7 107 
200 4 12 9 16 12 17 22 9 7 200 8 41 200 8 21 23 162 0 
24 0 6 7 4 7 0 24 24 200 18 52 200 12 6 5 162 14 
1 13 6 2 6 9 14 20 22 12 16 22 200 200 15 0 13 
12 4 0 23 20 1 2 9 110 14 4 22 7 5 8 24 
16 12 83 35 26 47 23 17 18 0 5 9 9 21 21 
13 21 10 19 22 21 2 15 0 11 9 194 20 41 
22 11 3 10 16 8 5 3 17 7 4 19 18 
171 51 83 19 10 6 15 17 8 22 16 14 
58 35 0 7 0 16 24 5 7 2 18 
137 3 13 8 19 5 20 16 17 18 
3 22 1 5 5 24 19 3 12 
17 41 200 6 20 11 162 2 
10 2 0 7 3 15 1 
52 19 0 24 76 4 
12 23 15 162 1 
200 6 9 0 
14 14 0 
14 194 
0 

